|0000|014|0|01012026|31012026|EMPRESA EXEMPLO LTDA|12345678000190||SP|1234567890|5511999999999|||||
|0001|0|
|0005|EMPRESA EXEMPLO LTDA|12345678000190|SP|123456|RUA EXEMPLO|100|SALA A|CENTRO|01000000|SAO PAULO|1199999999||empresa@exemplo.com.br|
|0100|JOAO DA SILVA|12345678900|CRC123456SP|joao@exemplo.com.br|5511988888888|
|0150|12345678000190|98765432000100|FORNECEDOR ABC LTDA|SP|1234567|11999999999|fornecedor@abc.com.br|
|C100|0|1|12345|55|00|1|12345678000190|98765432000100|FORNECEDOR ABC LTDA|SP||12345|55|000000123|01012026|01012026|1000,00|0|1000,00|0|ICMS|60|0|0|0|0|1000,00|0|0|0|0|0|0|0|35260112345678000190550000001230000001238|
|C170|001|PRODUTO TESTE 1|12345678|UN|10,00|100,00|0|5102|000|1000,00|50,00|50,00|0|0|0|
|C190|000|5102|12,00|120,00|0,00|0,00|0,00|0,00|
|C195|35260112345678000190550000001230000001238|CHAVE NFE FORNECEDOR|
|D100|0|0|12345|57|00|1|12345678000190|98765432000100|TRANSPORTADORA XYZ|SP||12345|57|000000456|01012026|01012026|500,00|0|ICMS|60|0|0|0|500,00|35260112345678000190570000004560000004568|01012026|SP|SAO PAULO|
|E110|1000,00|100,00|900,00|
|E111|12,00|120,00|100,00|||200,00||||
|E116|SP|35260112345678000190550000001230000001238|
|H005|01012026|31012026|EMPRESA EXEMPLO LTDA|12345678000190|SP|123456789|
|H010|12345678000190|100000,00|50000,00|150000,00|
|9900|0000|1|
|9900|0001|1|
|9900|0005|1|
|9900|0100|1|
|9900|0150|1|
|9900|C100|1|
|9900|C170|1|
|9900|C190|1|
|9900|C195|1|
|9900|D100|1|
|9900|E110|1|
|9900|E111|1|
|9900|E116|1|
|9900|H005|1|
|9900|H010|1|
|9900|9900|18|
|9900|9990|1|
|9900|9999|1|
|9990|001|
|9999|21|
